time,aqi,pm2_5,pm10,co,no2,o3,so2,rank,temp,humi,wse,wd,tq
2014-03-01 09:00:00,18,11,14,1.1,30,35,14,5,9.0,94,1.0,东风,小雨
2014-03-01 10:00:00,18,12,16,1.1,31,37,15,4,9.0,94,1.0,东风,小雨
2014-03-01 11:00:00,23,16,19,1.0,25,45,22,7,10.0,82,2.0,东北风,小雨
2014-03-01 12:00:00,26,18,23,0.9,28,43,22,10,9.0,93,1.0,西南风,小雨
2014-03-01 13:00:00,36,25,30,1.0,33,35,20,30,10.0,90,1.0,东北风,小雨
2014-03-01 14:00:00,30,21,29,0.9,36,36,19,15,10.0,83,1.0,东风,小雨
2014-03-01 15:00:00,37,26,33,0.8,46,20,22,33,10.0,82,1.0,东南风,小雨
2014-03-01 16:00:00,49,34,39,0.8,49,15,24,58,8.0,89,2.0,东风,小雨
2014-03-01 17:00:00,46,32,37,0.9,45,15,16,52,8.0,94,3.0,东风,小雨
2014-03-01 18:00:00,53,37,34,0.9,45,16,11,65,7.0,95,3.0,东风,小雨转阴
2014-03-01 19:00:00,47,33,30,0.9,44,21,9,36,7.0,94,2.0,东风,小雨转阴
2014-03-01 20:00:00,36,25,20,0.9,46,21,9,13,7.0,92,2.0,东风,小雨转阴
2014-03-01 21:00:00,26,18,21,0.9,43,20,8,5,6.0,93,2.0,东风,小雨转阴
2014-03-01 22:00:00,30,21,21,0.9,40,19,10,11,6.0,93,2.0,东风,小雨转阴
2014-03-01 23:00:00,39,27,0,1.0,42,15,10,16,6.0,93,2.0,东风,小雨转阴
2014-03-02 00:00:00,47,33,0,1.0,36,19,11,33,6.0,92,2.0,东风,小雨转阴
2014-03-02 01:00:00,53,37,0,1.0,34,19,11,37,6.0,93,2.0,东风,小雨转阴
2014-03-02 02:00:00,61,43,0,1.0,40,12,13,52,6.0,92,2.0,东风,小雨转阴
2014-03-02 03:00:00,68,49,0,1.0,40,10,14,68,6.0,91,2.0,东风,小雨转阴
2014-03-02 04:00:00,80,59,0,1.0,38,12,15,91,6.0,89,2.0,东风,小雨转阴
2014-03-02 05:00:00,102,76,0,0.9,27,24,17,127,6.0,87,2.0,东风,小雨转阴
2014-03-02 06:00:00,110,82,0,0.9,24,26,20,131,6.0,87,2.0,东风,小雨转阴
2014-03-02 07:00:00,106,79,0,0.9,27,25,24,127,6.0,79,2.0,东风,阴转小雨
2014-03-02 08:00:00,94,70,0,1.0,31,27,29,97,6.0,66,1.0,东风,阴转小雨
2014-03-02 09:00:00,96,72,66,1.0,31,31,34,90,6.0,65,2.0,东风,阴转小雨
2014-03-02 10:00:00,107,80,93,1.0,31,33,37,108,7.0,63,1.0,东风,阴转小雨
2014-03-02 11:00:00,103,77,87,1.0,28,44,37,110,8.0,56,2.0,东风,阴转小雨
2014-03-02 12:00:00,98,73,83,0.9,26,59,33,110,9.0,52,3.0,东南风,阴转小雨
2014-03-02 13:00:00,93,69,81,0.9,23,72,29,107,10.0,43,2.0,东风,阴转小雨
2014-03-02 14:00:00,74,54,74,0.8,25,75,25,90,10.0,47,2.0,东风,阴转小雨
2014-03-02 15:00:00,88,65,73,0.9,32,69,27,110,9.0,51,1.0,东风,阴转小雨
2014-03-02 17:00:00,102,76,79,1.0,44,55,27,131,9.0,62,1.0,西风,阴转小雨
2014-03-02 18:00:00,102,76,78,1.0,45,58,25,130,7.0,77,2.0,东风,小雨
2014-03-02 19:00:00,107,80,83,1.0,36,72,30,133,7.0,80,2.0,东风,小雨
2014-03-02 20:00:00,80,59,74,0.8,21,88,25,78,6.0,79,2.0,东风,小雨
2014-03-02 21:00:00,80,59,67,0.8,22,83,23,77,6.0,80,1.0,东风,小雨
2014-03-02 22:00:00,91,68,73,0.8,22,78,25,96,6.0,81,1.0,东北风,小雨
2014-03-02 23:00:00,100,75,69,0.8,27,68,24,107,6.0,78,1.0,西风,小雨
2014-03-03 00:00:00,103,77,73,0.9,32,60,22,108,6.0,85,1.0,西风,小雨
2014-03-03 01:00:00,116,87,90,0.9,42,39,31,118,6.0,83,1.0,西风,小雨
2014-03-03 02:00:00,121,91,102,1.0,51,32,52,127,6.0,82,1.0,东南风,小雨
2014-03-03 03:00:00,116,87,97,0.9,40,38,39,122,6.0,89,1.0,东南风,小雨
2014-03-03 04:00:00,116,87,100,0.9,25,39,30,120,6.0,88,1.0,东风,小雨
2014-03-03 05:00:00,122,92,0,0.9,22,38,29,124,6.0,89,1.0,东南风,小雨
2014-03-03 06:00:00,123,93,0,1.0,21,41,31,122,6.0,87,1.0,东风,小雨
2014-03-03 07:00:00,126,95,0,1.0,27,35,31,124,6.0,87,1.0,东风,阴转小雨
2014-03-03 08:00:00,127,96,0,1.1,38,25,37,121,6.0,86,1.0,东风,阴转小雨
2014-03-03 09:00:00,135,103,0,1.1,35,34,48,128,9.0,69,2.0,东风,阴转小雨
2014-03-03 10:00:00,117,88,101,1.0,30,56,48,110,10.0,61,2.0,东风,阴转小雨
2014-03-03 11:00:00,91,68,88,0.9,23,73,38,98,10.0,54,2.0,东北风,阴转小雨
2014-03-03 12:00:00,82,60,74,0.9,19,86,30,101,11.0,55,2.0,东北风,阴转小雨
2014-03-03 13:00:00,83,61,76,0.9,21,93,27,104,12.0,51,2.0,东风,阴转小雨
2014-03-03 14:00:00,78,57,71,0.9,23,98,27,111,12.0,50,1.0,东风,阴转小雨
2014-03-03 15:00:00,68,49,70,0.8,24,99,24,88,13.0,48,2.0,东风,阴转小雨
2014-03-03 16:00:00,59,40,67,0.8,29,93,24,57,12.0,46,1.0,东南风,阴转小雨
2014-03-03 17:00:00,61,43,65,0.9,36,82,21,66,12.0,46,1.0,东南风,阴转小雨
2014-03-03 18:00:00,88,65,85,1.1,46,62,25,127,12.0,46,1.0,东南风,阴转小雨
2014-03-03 19:00:00,82,60,81,1.0,30,59,18,115,12.0,46,1.0,东南风,阴转小雨
2014-03-03 20:00:00,63,45,50,0.8,22,56,12,72,9.0,77,2.0,东南风,小雨
2014-03-03 21:00:00,47,33,37,0.8,20,58,10,17,9.0,77,2.0,东南风,小雨
2014-03-03 22:00:00,44,31,0,0.7,14,60,10,14,9.0,77,2.0,东南风,小雨
2014-03-03 23:00:00,49,34,36,0.7,15,55,9,20,9.0,77,2.0,东南风,小雨
2014-03-04 00:00:00,53,37,0,0.8,13,53,10,40,8.0,86,1.0,东北风,小雨
2014-03-04 01:00:00,55,38,0,0.8,20,48,8,59,9.0,83,1.0,东北风,小雨
2014-03-04 02:00:00,58,41,0,0.7,26,41,9,73,9.0,81,1.0,东风,小雨
2014-03-04 03:00:00,57,40,0,0.7,26,39,9,73,9.0,78,1.0,东南风,小雨
2014-03-04 04:00:00,60,42,0,0.8,19,45,12,82,9.0,82,1.0,东南风,小雨
2014-03-04 05:00:00,73,53,0,0.9,20,34,21,114,8.0,89,1.0,西北风,小雨
2014-03-04 06:00:00,98,73,0,0.9,35,16,30,147,8.0,89,0.0,北风,小雨
2014-03-04 07:00:00,94,70,0,1.0,44,6,35,141,9.0,87,1.0,西风,小雨转阴
2014-03-04 08:00:00,111,83,0,1.1,43,7,42,152,9.0,88,1.0,西风,小雨转阴
2014-03-04 09:00:00,112,84,0,1.2,41,12,54,151,9.0,85,1.0,西风,小雨转阴
2014-03-04 10:00:00,114,86,93,1.1,38,19,64,151,10.0,80,2.0,西风,小雨转阴
2014-03-04 12:00:00,100,75,86,0.9,37,31,61,136,11.0,72,2.0,西风,小雨转阴
2014-03-04 13:00:00,80,59,72,1.0,33,41,49,108,11.0,72,2.0,西风,小雨转阴
2014-03-04 14:00:00,72,52,58,1.1,27,48,40,104,11.0,74,2.0,西风,小雨转阴
2014-03-04 15:00:00,67,48,52,1.0,27,43,27,93,11.0,74,2.0,西风,小雨转阴
2014-03-04 16:00:00,71,51,59,1.1,36,31,27,107,11.0,76,2.0,西风,小雨转阴
2014-03-04 17:00:00,76,55,67,1.3,44,22,38,120,11.0,78,2.0,西风,阴转多云
2014-03-04 18:00:00,72,52,72,1.2,47,17,36,102,11.0,80,2.0,西风,阴转多云
2014-03-04 19:00:00,85,63,77,1.2,53,7,44,124,11.0,81,1.0,西风,阴转多云
2014-03-04 20:00:00,83,61,76,1.2,51,6,40,114,11.0,83,1.0,西风,阴转多云
2014-03-04 21:00:00,89,66,70,1.3,49,3,39,120,10.0,84,2.0,西风,阴转多云
2014-03-04 22:00:00,83,61,70,1.2,40,7,39,107,10.0,86,2.0,西风,阴转多云
2014-03-04 23:00:00,83,61,66,1.2,38,7,49,105,10.0,87,1.0,西风,阴转多云
2014-03-05 00:00:00,78,57,66,1.1,43,3,55,103,9.0,82,1.0,东风,小雨
2014-03-05 01:00:00,79,58,73,1.2,42,2,61,112,10.0,87,2.0,西风,阴转多云
2014-03-05 02:00:00,80,59,77,1.2,41,1,54,114,10.0,88,1.0,西风,阴转多云
2014-03-05 03:00:00,79,58,81,1.1,40,1,49,112,10.0,88,1.0,西北风,阴转多云
2014-03-05 04:00:00,80,59,78,1.1,38,1,59,106,9.0,90,0.0,北风,阴转多云
2014-03-05 05:00:00,83,61,70,1.1,37,1,58,104,9.0,90,1.0,南风,阴转多云
2014-03-05 06:00:00,107,80,90,1.1,45,3,43,141,9.0,89,2.0,东风,阴转多云
2014-03-05 09:00:00,112,84,99,1.2,45,19,41,129,9.0,77,2.0,东风,多云转阴
2014-03-05 10:00:00,119,90,100,1.1,38,24,131,144,11.0,71,2.0,东北风,多云转阴
2014-03-05 11:00:00,105,78,84,1.1,27,39,42,137,12.0,64,2.0,东风,多云转阴
2014-03-05 12:00:00,85,63,64,0.8,25,54,35,115,13.0,58,3.0,东风,多云转阴
2014-03-05 13:00:00,61,43,53,0.7,19,69,28,73,12.0,57,2.0,东风,多云转阴
2014-03-05 14:00:00,52,36,45,0.6,16,80,22,52,13.0,51,3.0,东风,多云转阴
2014-03-05 15:00:00,63,45,49,0.7,19,74,24,95,13.0,50,2.0,东风,多云转阴
2014-03-05 16:00:00,73,53,65,0.8,21,83,129,126,12.0,50,2.0,东风,多云转阴
2014-03-05 17:00:00,96,72,83,0.8,26,87,27,157,12.0,50,2.0,东风,多云转阴
2014-03-05 18:00:00,114,86,105,0.8,26,82,25,168,11.0,53,2.0,东北风,阴转小雨
2014-03-05 19:00:00,118,89,102,0.7,25,81,25,170,10.0,53,3.0,东北风,阴转小雨
2014-03-05 20:00:00,111,83,98,0.8,25,81,24,163,10.0,54,2.0,东风,阴转小雨
2014-03-05 21:00:00,119,90,96,0.8,28,73,24,165,9.0,59,2.0,东风,阴转小雨
2014-03-05 22:00:00,110,82,97,0.8,30,69,24,158,9.0,49,3.0,东风,阴转小雨
2014-03-05 23:00:00,82,60,79,0.7,26,70,22,119,8.0,49,2.0,东风,阴转小雨
2014-03-06 00:00:00,64,46,66,0.7,25,67,18,79,8.0,44,3.0,东风,阴转小雨
2014-03-06 01:00:00,53,35,54,0.6,23,65,18,47,7.0,41,1.0,东风,阴转小雨
2014-03-06 02:00:00,49,28,48,0.6,22,61,19,37,7.0,41,2.0,东北风,阴转小雨
2014-03-06 03:00:00,45,24,44,0.6,20,60,17,38,7.0,44,3.0,东风,阴转小雨
2014-03-06 04:00:00,41,24,40,0.6,20,58,17,27,6.0,50,2.0,东风,阴转小雨
2014-03-06 05:00:00,45,25,44,0.6,20,56,19,51,6.0,54,2.0,东北风,阴转小雨
2014-03-06 06:00:00,44,24,43,0.6,19,55,21,41,6.0,53,2.0,东风,阴转小雨
2014-03-06 07:00:00,45,23,44,0.6,17,58,21,43,6.0,55,2.0,东风,小雨
2014-03-06 08:00:00,47,24,46,0.7,20,56,21,37,4.0,74,3.0,东风,小雨
2014-03-06 09:00:00,42,22,41,0.7,18,61,13,23,3.0,90,3.0,东北风,小雨
2014-03-06 10:00:00,37,26,33,0.7,19,54,9,18,2.0,94,2.0,东北风,小雨
2014-03-06 11:00:00,41,29,34,0.7,26,49,11,27,2.0,95,3.0,东北风,小雨
2014-03-06 12:00:00,41,29,36,0.7,29,45,13,34,3.0,92,2.0,东北风,雨夹雪转小雨
2014-03-06 13:00:00,49,34,33,0.8,37,37,15,56,3.0,93,2.0,东北风,雨夹雪转小雨
2014-03-06 14:00:00,47,33,35,0.8,37,38,28,53,3.0,93,2.0,东北风,雨夹雪转小雨
2014-03-06 15:00:00,39,27,31,0.7,29,38,79,37,3.0,91,2.0,东风,雨夹雪转小雨
2014-03-06 16:00:00,41,29,33,0.6,34,43,16,37,4.0,91,2.0,东风,雨夹雪转小雨
2014-03-06 17:00:00,50,35,0,0.6,41,35,18,64,4.0,90,2.0,东南风,雨夹雪转小雨
2014-03-06 18:00:00,46,32,35,0.7,37,38,12,44,4.0,90,2.0,东南风,阴转小雨
2014-03-06 19:00:00,41,29,32,0.6,27,42,9,25,4.0,91,1.0,东南风,阴转小雨
2014-03-06 20:00:00,44,31,0,0.6,25,40,9,24,4.0,93,1.0,东风,阴转小雨
2014-03-06 21:00:00,60,42,0,0.6,30,33,13,77,4.0,92,1.0,东南风,阴转小雨
2014-03-06 22:00:00,73,53,0,0.7,36,24,15,111,5.0,92,1.0,东南风,阴转小雨
2014-03-06 23:00:00,71,51,0,0.6,33,23,10,99,4.0,93,2.0,东南风,阴转小雨
2014-03-07 00:00:00,71,51,0,0.6,31,23,9,101,4.0,92,1.0,东南风,阴转小雨
2014-03-07 01:00:00,74,54,0,0.6,28,25,11,111,4.0,92,1.0,东南风,阴转小雨
2014-03-07 02:00:00,74,54,0,0.6,27,24,11,112,4.0,93,1.0,东风,阴转小雨
2014-03-07 03:00:00,77,56,0,0.6,27,22,19,115,4.0,90,2.0,东风,阴转小雨
2014-03-07 04:00:00,64,46,43,0.5,24,23,22,93,4.0,87,2.0,东风,阴转小雨
2014-03-07 05:00:00,47,33,36,0.5,21,30,27,50,4.0,83,2.0,东风,阴转小雨
2014-03-07 06:00:00,49,34,37,0.5,22,29,33,59,4.0,83,2.0,东风,阴转小雨
2014-03-07 07:00:00,58,41,39,0.6,28,23,38,78,4.0,83,2.0,东风,小雨转中雨
2014-03-07 08:00:00,58,41,46,0.6,34,22,37,72,5.0,77,2.0,东风,小雨转中雨
2014-03-07 09:00:00,47,33,46,0.6,28,34,33,45,6.0,70,2.0,东风,小雨转中雨
2014-03-07 10:00:00,48,28,47,0.6,21,46,28,48,6.0,70,2.0,东风,小雨转中雨
2014-03-07 11:00:00,46,29,45,0.6,21,50,31,54,7.0,68,2.0,东北风,小雨转中雨
2014-03-07 12:00:00,49,30,48,0.6,23,51,31,60,8.0,67,2.0,东风,小雨转中雨
2014-03-07 14:00:00,44,24,43,0.5,21,55,25,61,7.0,71,2.0,东风,小雨转中雨
2014-03-07 15:00:00,42,24,41,0.5,24,49,25,52,7.0,71,2.0,东风,小雨转中雨
2014-03-07 16:00:00,45,29,44,0.6,30,40,30,58,7.0,74,2.0,东风,小雨转中雨
2014-03-07 17:00:00,50,31,49,0.7,43,27,30,68,7.0,76,1.0,东风,小雨转中雨
2014-03-07 18:00:00,56,39,52,0.8,45,23,17,85,7.0,81,1.0,东风,中雨转小雨
2014-03-07 19:00:00,69,50,62,0.7,48,17,19,116,7.0,82,2.0,东南风,中雨转小雨
2014-03-07 20:00:00,80,59,66,0.7,32,25,15,128,6.0,90,1.0,东南风,中雨转小雨
2014-03-07 21:00:00,78,57,59,0.7,34,23,14,112,6.0,89,1.0,东风,中雨转小雨
2014-03-07 22:00:00,84,62,53,0.8,46,11,20,120,6.0,90,1.0,东风,中雨转小雨
2014-03-07 23:00:00,76,55,64,0.8,40,11,16,103,6.0,91,1.0,东南风,中雨转小雨
2014-03-08 00:00:00,69,50,47,0.7,37,12,12,92,4.0,93,1.0,东南风,阴转小雨
2014-03-08 01:00:00,55,38,41,0.7,27,23,11,59,6.0,94,2.0,东风,中雨转小雨
2014-03-08 02:00:00,49,34,31,0.6,30,33,12,48,5.0,91,2.0,东北风,中雨转小雨
2014-03-08 03:00:00,36,25,26,0.5,17,50,9,30,5.0,92,2.0,东风,中雨转小雨
2014-03-08 04:00:00,41,29,0,0.5,20,46,10,38,5.0,94,2.0,东北风,中雨转小雨
2014-03-08 05:00:00,36,25,0,0.5,20,49,12,29,5.0,94,3.0,东北风,中雨转小雨
2014-03-08 06:00:00,37,26,0,0.5,21,49,13,29,4.0,95,2.0,东风,中雨转小雨
2014-03-08 07:00:00,36,25,0,0.5,19,52,12,29,4.0,94,2.0,东北风,小雨转阴
2014-03-08 08:00:00,30,21,20,0.6,21,53,11,16,4.0,94,2.0,东北风,小雨转阴
2014-03-08 09:00:00,26,18,18,0.6,20,60,11,8,4.0,94,2.0,东风,小雨转阴
2014-03-08 10:00:00,34,24,26,0.6,31,49,12,13,4.0,95,2.0,东北风,小雨转阴
2014-03-08 11:00:00,40,28,33,0.7,30,48,13,23,5.0,94,2.0,东风,小雨转阴
2014-03-08 13:00:00,47,33,34,0.7,32,53,16,39,5.0,92,1.0,东风,小雨转阴
2014-03-08 14:00:00,50,35,34,0.7,32,55,16,41,6.0,91,2.0,东北风,小雨转阴
2014-03-08 15:00:00,50,35,34,0.7,36,53,17,50,6.0,90,1.0,东风,小雨转阴
2014-03-08 16:00:00,56,39,0,0.8,37,51,17,62,6.0,93,1.0,东风,小雨转阴
2014-03-08 17:00:00,58,41,0,0.8,37,50,13,78,5.0,94,2.0,东风,小雨转阴
2014-03-08 18:00:00,49,34,36,0.8,33,54,13,47,5.0,95,1.0,东风,阴转多云
2014-03-08 19:00:00,68,49,0,0.8,36,43,14,104,5.0,95,1.0,东风,阴转多云
2014-03-08 20:00:00,93,69,0,0.8,40,36,16,124,5.0,95,2.0,东风,阴转多云
2014-03-08 21:00:00,84,62,0,0.9,39,33,20,111,5.0,93,1.0,东风,阴转多云
2014-03-08 22:00:00,73,53,0,0.8,33,38,18,86,5.0,92,1.0,东风,阴转多云
2014-03-08 23:00:00,79,58,0,0.8,31,37,21,96,5.0,92,1.0,东北风,阴转多云
2014-03-09 00:00:00,89,66,0,0.9,30,34,26,110,5.0,91,1.0,东风,阴转多云
2014-03-09 01:00:00,91,68,0,0.9,28,33,28,111,5.0,90,0.0,北风,阴转多云
2014-03-09 02:00:00,98,73,0,0.9,29,29,23,119,5.0,89,1.0,西南风,阴转多云
2014-03-09 03:00:00,103,77,0,0.8,26,31,19,124,5.0,90,1.0,西风,阴转多云
2014-03-09 04:00:00,107,80,0,0.9,24,30,21,130,5.0,91,0.0,北风,阴转多云
2014-03-09 05:00:00,113,85,0,0.9,24,28,26,136,5.0,91,1.0,西风,阴转多云
2014-03-09 06:00:00,126,95,0,0.9,33,18,32,144,5.0,92,1.0,西南风,阴转多云
2014-03-09 07:00:00,114,86,0,0.9,36,13,41,132,5.0,93,1.0,东风,多云
2014-03-09 08:00:00,108,81,0,0.9,34,12,30,120,6.0,92,1.0,东风,多云
2014-03-09 10:00:00,139,106,0,1.0,33,19,47,143,7.0,85,1.0,南风,多云
2014-03-09 11:00:00,108,81,0,0.9,28,30,47,123,9.0,70,1.0,西南风,多云
2014-03-09 12:00:00,67,48,62,0.8,27,36,36,84,10.0,66,1.0,东南风,多云
2014-03-09 13:00:00,52,36,49,0.7,21,55,23,57,11.0,62,1.0,东风,多云
2014-03-09 14:00:00,41,29,38,0.7,17,70,16,50,11.0,56,1.0,东北风,多云
2014-03-09 15:00:00,41,29,34,0.7,21,72,20,46,11.0,53,2.0,西风,多云
2014-03-09 16:00:00,43,30,34,0.7,23,72,25,49,12.0,54,2.0,东南风,多云
2014-03-09 17:00:00,44,31,41,0.7,23,76,15,43,11.0,55,1.0,东风,多云
2014-03-09 18:00:00,53,37,48,0.7,26,72,18,51,10.0,64,2.0,东风,多云转晴
2014-03-09 19:00:00,74,54,62,0.9,40,54,34,95,9.0,66,2.0,东风,多云转晴
2014-03-09 20:00:00,90,67,76,0.9,57,32,30,112,8.0,74,1.0,东风,多云转晴
2014-03-09 21:00:00,94,70,80,1.0,65,17,29,105,8.0,77,1.0,东风,多云转晴
2014-03-09 22:00:00,98,73,81,1.0,65,12,36,102,7.0,82,1.0,东南风,多云转晴
2014-03-09 23:00:00,90,67,75,1.0,59,14,37,85,6.0,85,1.0,东南风,多云转晴
2014-03-10 00:00:00,84,62,74,0.9,53,14,22,76,5.0,88,1.0,东风,多云转晴
2014-03-10 01:00:00,85,63,62,0.8,54,5,25,77,5.0,90,1.0,东南风,多云转晴
2014-03-10 02:00:00,83,61,67,0.8,49,4,21,77,4.0,91,1.0,东风,多云转晴
2014-03-10 03:00:00,103,77,64,1.0,48,4,29,111,4.0,92,2.0,东南风,多云转晴
2014-03-10 04:00:00,83,61,70,0.9,37,9,19,79,3.0,94,1.0,东风,多云转晴
2014-03-10 05:00:00,88,65,0,1.0,30,15,22,89,3.0,92,2.0,东风,多云转晴
2014-03-10 06:00:00,103,77,0,1.0,33,10,42,116,3.0,92,2.0,东风,多云转晴
2014-03-10 07:00:00,116,87,0,1.1,38,2,43,124,3.0,93,2.0,东风,多云转晴
2014-03-10 08:00:00,114,86,0,1.2,35,7,56,114,6.0,81,2.0,东风,多云转晴
2014-03-10 09:00:00,117,88,92,1.1,36,16,56,109,6.0,80,2.0,东风,多云转晴
2014-03-10 10:00:00,119,90,103,1.0,37,30,49,110,10.0,58,2.0,东风,多云转晴
2014-03-10 11:00:00,94,70,85,0.9,28,58,39,79,12.0,49,2.0,东南风,多云转晴
2014-03-10 12:00:00,76,55,72,0.8,18,83,29,63,12.0,47,2.0,东风,多云转晴
2014-03-10 13:00:00,55,38,57,0.7,15,98,22,39,15.0,35,2.0,东风,多云转晴
2014-03-10 14:00:00,45,31,44,0.7,15,103,16,25,15.0,34,2.0,东风,多云转晴
2014-03-10 15:00:00,49,34,45,0.7,15,110,17,26,16.0,34,2.0,东北风,多云转晴
2014-03-10 16:00:00,60,42,53,0.7,18,117,23,54,16.0,34,2.0,东北风,多云转晴
2014-03-10 17:00:00,66,47,68,0.7,21,118,23,64,15.0,34,2.0,东北风,晴转多云
2014-03-10 18:00:00,71,51,80,0.8,35,102,29,65,13.0,41,2.0,东风,晴转多云
2014-03-10 19:00:00,84,62,94,0.9,51,76,35,87,12.0,44,2.0,东风,晴转多云
2014-03-10 20:00:00,95,71,102,1.0,58,61,39,93,11.0,46,1.0,东风,晴转多云
2014-03-10 21:00:00,79,58,95,0.9,41,77,30,68,10.0,48,2.0,东风,晴转多云
2014-03-10 22:00:00,78,57,78,0.8,31,92,26,69,10.0,43,2.0,东风,晴转多云
2014-03-10 23:00:00,73,53,72,0.8,21,96,28,59,10.0,40,2.0,东风,晴转多云
2014-03-11 00:00:00,74,54,64,0.7,17,98,28,64,6.0,84,1.0,东南风,多云转晴
2014-03-11 01:00:00,77,56,71,0.7,16,97,23,69,8.0,47,2.0,东风,晴转多云
2014-03-11 02:00:00,82,60,69,0.7,16,93,26,76,8.0,50,2.0,东风,晴转多云
2014-03-11 03:00:00,89,66,72,0.7,31,69,31,90,8.0,55,2.0,东风,晴转多云
2014-03-11 04:00:00,95,71,78,0.7,33,58,32,91,7.0,66,1.0,东南风,晴转多云
2014-03-11 06:00:00,121,91,94,0.9,40,47,35,118,6.0,68,2.0,东风,晴转多云
2014-03-11 07:00:00,135,103,102,1.0,48,40,53,128,6.0,68,2.0,东风,多云转小雨
2014-03-11 08:00:00,154,117,117,1.1,59,37,65,139,9.0,60,2.0,东北风,多云转小雨
2014-03-11 09:00:00,146,112,122,1.1,51,50,58,125,11.0,55,2.0,东南风,多云转小雨
2014-03-11 10:00:00,139,106,118,0.9,29,82,46,116,14.0,52,3.0,东风,多云转小雨
2014-03-11 11:00:00,135,103,114,0.9,21,93,94,117,15.0,52,3.0,东南风,多云转小雨
2014-03-11 12:00:00,132,100,112,0.9,20,109,27,122,15.0,51,3.0,东风,多云转小雨
2014-03-11 13:00:00,117,88,100,0.8,17,111,22,111,17.0,51,2.0,东南风,多云转小雨
2014-03-11 14:00:00,107,80,90,0.9,21,104,22,104,17.0,52,2.0,东风,多云转小雨
2014-03-11 15:00:00,82,60,76,0.8,19,99,18,59,17.0,52,3.0,东南风,多云转小雨
2014-03-11 16:00:00,72,52,66,0.8,18,91,14,43,16.0,56,2.0,东南风,多云转小雨
2014-03-11 17:00:00,73,53,66,0.8,20,84,12,52,15.0,59,3.0,东南风,多云转小雨
2014-03-11 19:00:00,63,45,56,0.7,22,71,13,28,14.0,63,2.0,东南风,小雨转中雨
2014-03-11 21:00:00,55,38,46,0.7,30,54,14,21,14.0,68,1.0,东风,小雨转中雨
2014-03-11 22:00:00,49,34,43,0.7,24,56,14,13,14.0,70,2.0,东风,小雨转中雨
2014-03-11 23:00:00,41,29,30,0.6,18,60,13,9,14.0,70,2.0,东风,小雨转中雨
2014-03-12 00:00:00,41,29,35,0.6,20,55,16,12,12.0,87,1.0,东风,小雨转中雨
2014-03-12 01:00:00,41,29,33,0.6,19,54,15,17,12.0,90,2.0,东风,小雨转中雨
2014-03-12 02:00:00,50,35,0,0.7,18,50,9,27,12.0,92,1.0,东风,小雨转中雨
2014-03-12 03:00:00,58,41,0,0.7,21,41,11,53,11.0,93,1.0,东风,小雨转中雨
2014-03-12 04:00:00,57,40,44,0.8,28,32,17,51,11.0,93,2.0,东风,小雨转中雨
2014-03-12 05:00:00,61,43,44,0.7,38,23,17,63,11.0,93,2.0,东风,小雨转中雨
2014-03-12 06:00:00,52,36,44,0.7,40,24,25,42,12.0,96,2.0,东风,小雨转中雨
2014-03-12 08:00:00,71,51,61,1.2,55,5,42,86,12.0,95,0.0,北风,中雨转小雨
2014-03-12 09:00:00,87,64,75,1.4,53,4,39,101,12.0,95,1.0,西北风,中雨转小雨
2014-03-12 10:00:00,105,78,87,1.3,52,4,33,128,12.0,95,1.0,西北风,中雨转小雨
2014-03-12 12:00:00,108,81,0,1.1,52,8,45,135,13.0,95,2.0,西风,中雨转小雨
2014-03-12 14:00:00,93,69,0,1.0,46,25,51,129,14.0,89,2.0,西风,中雨转小雨
2014-03-12 15:00:00,84,62,74,1.1,55,23,152,121,15.0,89,2.0,西风,中雨转小雨
2014-03-12 16:00:00,87,64,62,1.2,56,15,42,135,14.0,92,2.0,西风,中雨转小雨
2014-03-12 17:00:00,99,74,0,1.1,65,11,42,148,14.0,93,2.0,西风,中雨转小雨
2014-03-12 18:00:00,98,73,78,1.3,70,5,35,143,14.0,93,2.0,西风,小雨转阴
2014-03-12 19:00:00,98,73,81,1.4,69,3,55,147,14.0,95,2.0,西风,小雨转阴
2014-03-12 20:00:00,93,69,74,1.3,64,3,59,141,13.0,97,3.0,西风,小雨转阴
2014-03-12 21:00:00,72,52,55,1.3,59,1,36,99,13.0,97,3.0,西风,小雨转阴
2014-03-12 22:00:00,50,35,38,1.0,53,3,21,26,13.0,96,1.0,西风,小雨转阴
2014-03-12 23:00:00,26,18,22,0.9,44,14,22,5,14.0,71,1.0,东风,小雨转中雨
2014-03-13 00:00:00,19,11,14,1.0,38,19,18,3,12.0,96,3.0,东风,小雨转阴
2014-03-13 01:00:00,16,11,12,1.0,29,26,13,2,10.0,96,3.0,东风,小雨转阴
2014-03-13 02:00:00,23,16,17,0.8,22,34,11,4,10.0,96,2.0,东风,小雨转阴
2014-03-13 03:00:00,27,19,19,0.7,20,37,11,5,10.0,94,2.0,东南风,小雨转阴
2014-03-13 04:00:00,52,36,0,0.7,16,55,11,33,9.0,92,2.0,东风,小雨转阴
2014-03-13 05:00:00,73,53,0,0.7,15,59,14,102,9.0,90,1.0,东南风,小雨转阴
2014-03-13 06:00:00,85,63,0,0.7,17,58,21,117,9.0,89,1.0,东北风,阴转多云
2014-03-13 07:00:00,102,76,0,0.8,21,54,23,148,9.0,88,1.0,东北风,阴转多云
2014-03-13 08:00:00,116,87,0,0.8,27,50,25,160,9.0,84,1.0,东风,阴转多云
2014-03-13 09:00:00,124,94,0,0.8,28,52,24,164,10.0,81,1.0,东北风,阴转多云
2014-03-13 10:00:00,132,100,0,0.7,29,55,26,169,10.0,77,2.0,东风,阴转多云
2014-03-13 11:00:00,124,94,103,0.7,27,59,25,171,10.0,77,1.0,东风,阴转多云
2014-03-13 12:00:00,126,95,109,0.8,32,49,26,180,9.0,76,2.0,东北风,阴转多云
2014-03-13 13:00:00,124,94,104,0.7,32,47,79,183,9.0,74,1.0,东风,阴转多云
2014-03-13 14:00:00,129,98,104,0.7,33,43,40,182,10.0,74,2.0,东风,阴转多云
2014-03-13 15:00:00,119,90,96,0.7,34,57,39,181,12.0,61,1.0,南风,阴转多云
2014-03-13 16:00:00,119,90,103,0.7,45,52,51,181,12.0,61,1.0,南风,阴转多云
2014-03-13 18:00:00,113,85,96,0.7,32,67,22,174,11.0,59,2.0,西北风,多云转晴
2014-03-13 19:00:00,126,95,103,0.7,37,58,26,179,11.0,62,2.0,西风,多云转晴
2014-03-13 20:00:00,134,102,116,0.8,42,46,27,180,10.0,62,2.0,西风,多云转晴
2014-03-13 21:00:00,140,107,114,0.8,61,24,23,181,9.0,72,1.0,南风,多云转晴
2014-03-13 22:00:00,137,104,135,0.8,56,25,24,179,9.0,62,2.0,东南风,多云转晴
2014-03-13 23:00:00,99,74,115,0.6,31,48,22,137,8.0,64,1.0,东风,多云转晴
2014-03-14 00:00:00,85,63,98,0.6,31,45,24,105,13.0,96,2.0,南风,小雨转阴
2014-03-14 01:00:00,87,64,95,0.6,38,33,36,108,7.0,66,0.0,北风,多云转晴
2014-03-14 02:00:00,82,60,92,0.6,46,23,35,93,6.0,75,1.0,北风,多云转晴
2014-03-14 03:00:00,103,77,97,0.7,52,8,26,142,6.0,81,1.0,西北风,多云转晴
2014-03-14 04:00:00,133,101,117,0.8,43,10,19,172,5.0,87,1.0,西风,多云转晴
2014-03-14 05:00:00,139,106,124,0.8,40,3,42,178,4.0,92,1.0,东风,多云转晴
2014-03-14 06:00:00,114,86,102,0.8,33,5,24,161,4.0,92,1.0,东南风,多云转晴
2014-03-14 07:00:00,117,88,95,0.9,35,5,26,157,4.0,92,1.0,东南风,多云转晴
2014-03-14 08:00:00,132,100,110,1.0,35,8,32,160,7.0,79,1.0,东风,晴转多云
2014-03-14 09:00:00,146,112,122,1.1,41,11,46,168,8.0,75,1.0,北风,晴转多云
2014-03-14 10:00:00,164,124,155,1.0,41,31,65,179,10.0,65,3.0,西风,晴转多云
2014-03-14 11:00:00,150,115,152,0.9,37,46,63,180,11.0,57,2.0,西南风,晴转多云
2014-03-14 12:00:00,106,79,119,0.7,26,73,50,138,14.0,33,2.0,西南风,晴转多云
2014-03-14 13:00:00,73,53,77,0.5,22,88,38,86,14.0,34,2.0,西南风,晴转多云
2014-03-14 14:00:00,58,38,64,0.5,21,93,36,37,15.0,22,2.0,西南风,晴转多云
2014-03-14 15:00:00,55,31,59,0.4,21,98,34,25,16.0,23,2.0,东南风,晴转多云
2014-03-14 16:00:00,55,31,58,0.4,23,98,30,24,17.0,22,1.0,东南风,晴转多云
2014-03-14 18:00:00,61,35,71,0.6,39,78,33,34,15.0,26,1.0,西风,晴
2014-03-14 19:00:00,68,43,85,0.8,65,48,38,47,14.0,31,1.0,西北风,晴
2014-03-14 20:00:00,82,57,113,1.0,84,20,43,64,11.0,48,2.0,南风,晴
2014-03-14 21:00:00,86,56,121,0.9,78,18,30,60,10.0,56,1.0,东风,晴
2014-03-14 22:00:00,78,50,104,0.9,67,21,28,33,9.0,59,1.0,东风,晴
2014-03-14 23:00:00,72,44,93,0.7,55,26,23,24,8.0,64,1.0,东风,晴
2014-03-15 00:00:00,69,49,87,0.8,60,15,26,20,8.0,66,1.0,东北风,多云转晴
2014-03-15 01:00:00,71,49,91,0.8,65,9,19,21,7.0,70,1.0,东北风,晴
2014-03-15 02:00:00,69,49,87,0.7,53,18,20,20,6.0,77,1.0,东风,晴
2014-03-15 03:00:00,72,52,73,0.6,45,20,25,30,6.0,78,1.0,东北风,晴
2014-03-15 04:00:00,89,66,84,0.7,53,10,40,74,6.0,77,1.0,东风,晴
2014-03-15 05:00:00,93,69,92,0.7,55,4,30,85,6.0,77,1.0,东风,晴
2014-03-15 06:00:00,103,77,99,0.8,54,4,53,104,5.0,82,1.0,东风,晴
2014-03-15 07:00:00,130,99,106,0.9,54,4,63,149,6.0,78,1.0,东风,晴转多云
2014-03-15 08:00:00,129,98,111,0.9,52,10,62,142,9.0,65,2.0,东风,晴转多云
2014-03-15 09:00:00,141,108,124,0.9,53,23,73,151,11.0,53,1.0,东南风,晴转多云
2014-03-15 10:00:00,105,78,122,0.7,40,55,45,81,14.0,45,2.0,东北风,晴转多云
2014-03-15 11:00:00,84,62,91,0.6,26,85,31,45,15.0,43,1.0,东南风,晴转多云
2014-03-15 12:00:00,87,64,81,0.6,24,98,27,57,16.0,42,1.0,东北风,晴转多云
2014-03-15 13:00:00,82,60,79,0.5,20,116,23,52,18.0,36,1.0,北风,晴转多云
2014-03-15 14:00:00,66,47,67,0.5,16,125,18,32,20.0,28,2.0,北风,晴转多云
2014-03-15 15:00:00,60,42,59,0.5,17,126,18,30,20.0,29,1.0,西北风,晴转多云
2014-03-15 16:00:00,61,43,65,0.5,22,124,23,32,21.0,30,1.0,西风,晴转多云
2014-03-15 17:00:00,67,48,72,0.5,30,114,39,52,20.0,33,1.0,西风,晴转多云
2014-03-15 18:00:00,79,58,93,0.7,45,93,38,85,19.0,34,1.0,西风,晴转多云
2014-03-15 19:00:00,108,81,113,0.9,63,65,35,143,17.0,42,2.0,西风,晴转多云
2014-03-15 20:00:00,141,108,153,1.2,88,33,46,166,15.0,56,2.0,东南风,晴转多云
2014-03-15 21:00:00,135,103,167,1.2,79,36,32,153,13.0,61,1.0,东南风,晴转多云
2014-03-15 22:00:00,107,80,140,0.8,51,53,29,98,13.0,63,0.0,北风,晴转多云
2014-03-15 23:00:00,110,82,111,0.7,62,35,26,107,12.0,65,1.0,东风,晴转多云
2014-03-16 00:00:00,107,80,105,0.8,86,16,31,98,11.0,65,1.0,东风,晴转多云
2014-03-16 01:00:00,95,71,107,0.7,71,20,31,73,12.0,62,1.0,东南风,晴转多云
2014-03-16 02:00:00,90,67,93,0.6,51,32,23,64,11.0,72,1.0,东风,晴转多云
2014-03-16 03:00:00,96,72,92,0.7,69,22,28,82,10.0,72,1.0,东风,晴转多云
2014-03-16 04:00:00,102,76,96,0.7,70,15,31,97,10.0,77,1.0,东风,晴转多云
2014-03-16 05:00:00,98,73,93,0.7,66,16,35,88,9.0,75,1.0,东风,晴转多云
2014-03-16 06:00:00,95,71,88,0.9,67,10,50,76,9.0,79,1.0,南风,晴转多云
2014-03-16 07:00:00,117,88,101,0.9,64,9,50,115,9.0,79,1.0,东风,多云转小雨
2014-03-16 08:00:00,135,103,110,1.0,64,15,74,134,12.0,66,2.0,东南风,多云转小雨
2014-03-16 09:00:00,138,105,135,1.0,63,24,84,126,13.0,64,1.0,东风,多云转小雨
2014-03-16 10:00:00,118,89,141,0.8,57,46,64,94,17.0,47,2.0,东风,多云转小雨
2014-03-16 11:00:00,88,65,106,0.6,32,84,45,52,18.0,44,2.0,东南风,多云转小雨
2014-03-16 12:00:00,77,56,90,0.6,25,104,32,39,19.0,43,1.0,东北风,多云转小雨
2014-03-16 13:00:00,68,48,85,0.6,20,115,26,23,20.0,38,1.0,西风,多云转小雨
2014-03-16 14:00:00,72,52,84,0.7,30,104,33,41,19.0,42,2.0,西风,多云转小雨
2014-03-16 15:00:00,113,85,119,0.8,46,84,56,142,19.0,48,2.0,西风,多云转小雨
2014-03-16 16:00:00,129,98,139,0.9,62,66,66,165,18.0,49,1.0,西风,多云转小雨
2014-03-16 17:00:00,138,105,151,1.0,83,46,79,170,18.0,50,1.0,西风,阵雨转多云
2014-03-16 18:00:00,154,117,155,1.1,75,46,59,172,18.0,52,1.0,西风,阵雨转多云
2014-03-16 19:00:00,193,145,176,1.3,96,23,62,183,16.0,57,0.0,北风,阵雨转多云
2014-03-16 20:00:00,217,166,210,1.8,106,8,70,185,16.0,58,1.0,西风,阵雨转多云
2014-03-16 21:00:00,225,174,257,1.7,104,3,67,185,16.0,58,1.0,西风,阵雨转多云
2014-03-16 22:00:00,218,167,258,1.4,98,2,73,181,16.0,58,1.0,西风,阵雨转多云
2014-03-16 23:00:00,228,177,237,1.5,91,2,60,182,16.0,62,1.0,西风,阵雨转多云
2014-03-17 00:00:00,204,153,218,1.3,71,5,39,177,16.0,64,1.0,西风,阵雨转多云
2014-03-17 01:00:00,165,125,181,1.2,57,12,34,162,15.0,65,1.0,西南风,阵雨转多云
2014-03-17 02:00:00,150,115,150,1.1,49,16,32,152,15.0,66,1.0,西南风,阵雨转多云
2014-03-17 03:00:00,139,106,133,1.0,44,25,26,140,15.0,70,1.0,西南风,阵雨转多云
2014-03-17 04:00:00,132,100,114,0.9,35,31,31,128,15.0,68,1.0,西风,阵雨转多云
2014-03-17 05:00:00,118,89,110,1.0,33,26,38,112,15.0,68,1.0,西风,阵雨转多云
2014-03-17 06:00:00,128,97,112,1.1,45,13,37,126,15.0,68,1.0,西南风,阵雨转多云
2014-03-17 07:00:00,124,94,123,1.2,47,9,38,112,15.0,68,1.0,西南风,多云
2014-03-17 08:00:00,126,95,124,1.3,52,13,47,100,17.0,61,1.0,西风,多云
2014-03-17 09:00:00,149,114,135,1.4,57,23,88,128,19.0,58,1.0,西风,多云
2014-03-17 10:00:00,140,107,174,1.4,52,38,120,114,20.0,60,2.0,西风,多云
2014-03-17 11:00:00,117,88,125,1.2,37,55,79,88,21.0,59,2.0,西风,多云
2014-03-17 12:00:00,83,61,93,1.0,29,67,55,45,24.0,53,3.0,西风,多云
2014-03-17 14:00:00,65,37,79,0.9,14,109,27,43,25.0,46,4.0,西风,多云
2014-03-17 15:00:00,69,37,87,0.8,12,109,18,54,26.0,42,3.0,西风,多云
2014-03-17 16:00:00,67,41,83,0.8,15,114,18,52,26.0,42,3.0,西北风,多云
2014-03-17 17:00:00,63,45,68,0.8,18,112,24,36,25.0,44,2.0,西风,多云
2014-03-17 18:00:00,71,51,82,0.9,29,97,31,43,24.0,49,2.0,西风,晴转多云
2014-03-17 19:00:00,87,64,92,1.0,39,76,37,67,22.0,54,1.0,西风,晴转多云
2014-03-17 20:00:00,108,81,109,1.2,63,43,56,87,21.0,60,1.0,西南风,晴转多云
2014-03-17 21:00:00,119,90,132,1.4,73,24,50,88,21.0,61,1.0,西南风,晴转多云
2014-03-17 22:00:00,103,77,128,1.4,63,24,32,61,20.0,65,2.0,南风,晴转多云
2014-03-17 23:00:00,76,55,96,1.2,57,32,21,28,18.0,70,0.0,北风,晴转多云
2014-03-18 00:00:00,82,60,86,1.4,52,27,23,36,17.0,74,1.0,东风,晴转多云
2014-03-18 01:00:00,74,54,84,1.2,47,22,17,37,17.0,71,2.0,南风,晴转多云
2014-03-18 02:00:00,68,49,75,0.9,37,24,14,28,16.0,76,1.0,东南风,晴转多云
2014-03-18 03:00:00,71,51,70,0.9,47,14,13,37,16.0,77,0.0,北风,晴转多云
2014-03-18 05:00:00,69,50,69,1.0,31,22,15,41,15.0,83,1.0,北风,晴转多云
2014-03-18 06:00:00,72,52,63,1.0,35,15,20,37,14.0,85,1.0,东风,晴转多云
2014-03-18 07:00:00,88,65,78,1.1,39,7,26,60,14.0,86,1.0,东南风,晴转多云
2014-03-18 08:00:00,108,81,99,1.3,45,6,35,74,15.0,83,1.0,东北风,多云转阵雨
2014-03-18 09:00:00,114,86,116,1.2,50,13,40,74,18.0,72,1.0,东北风,多云转阵雨
2014-03-18 10:00:00,129,98,119,1.1,53,27,51,89,21.0,63,1.0,东风,多云转阵雨
2014-03-18 11:00:00,126,95,124,1.0,46,54,54,97,23.0,57,2.0,东南风,多云转阵雨
2014-03-18 12:00:00,105,78,97,1.0,33,81,89,91,25.0,51,1.0,东北风,多云转阵雨
2014-03-18 13:00:00,77,56,77,0.9,20,105,30,64,27.0,46,2.0,北风,多云转阵雨
2014-03-18 14:00:00,63,45,60,0.8,25,112,20,43,28.0,45,1.0,东南风,多云转阵雨
2014-03-18 15:00:00,64,46,56,0.9,17,169,20,52,27.0,43,2.0,东风,多云转阵雨
2014-03-18 16:00:00,69,50,69,0.8,23,121,19,64,27.0,45,2.0,东风,多云转阵雨
2014-03-18 17:00:00,95,71,83,1.0,39,104,26,95,26.0,46,1.0,北风,多云转阵雨
2014-03-18 18:00:00,99,74,108,1.2,61,86,32,101,25.0,52,1.0,东风,雷阵雨转中雨
2014-03-18 19:00:00,127,96,127,1.3,79,67,38,121,23.0,64,3.0,东北风,雷阵雨转中雨
2014-03-18 20:00:00,130,99,140,1.1,53,77,27,121,22.0,65,1.0,北风,雷阵雨转中雨
2014-03-18 21:00:00,130,99,115,1.3,66,54,32,119,21.0,69,1.0,东北风,雷阵雨转中雨
2014-03-18 22:00:00,130,99,143,1.5,79,21,25,121,20.0,77,2.0,东风,雷阵雨转中雨
2014-03-18 23:00:00,122,92,144,1.2,63,25,19,111,19.0,78,2.0,东风,雷阵雨转中雨
2014-03-19 00:00:00,116,87,126,1.1,65,28,32,109,19.0,65,2.0,东风,雷阵雨转中雨
2014-03-19 01:00:00,114,86,128,1.1,56,44,44,114,19.0,65,2.0,东风,雷阵雨转中雨
2014-03-19 02:00:00,122,92,134,1.0,57,51,53,121,19.0,62,2.0,东风,雷阵雨转中雨
2014-03-19 03:00:00,116,87,125,1.0,47,55,39,124,19.0,63,1.0,东风,雷阵雨转中雨
2014-03-19 04:00:00,113,85,110,1.0,40,55,31,125,19.0,66,1.0,东风,雷阵雨转中雨
2014-03-19 05:00:00,128,97,98,1.1,48,37,34,136,18.0,70,1.0,东南风,雷阵雨转中雨
2014-03-19 06:00:00,137,104,116,1.3,53,26,49,146,17.0,76,0.0,北风,雷阵雨转中雨
2014-03-19 07:00:00,128,97,121,1.3,55,19,42,142,18.0,76,0.0,北风,中雨转小雨
2014-03-19 08:00:00,126,95,125,1.5,59,15,49,135,19.0,66,2.0,东风,中雨转小雨
2014-03-19 09:00:00,129,98,148,1.3,57,29,54,136,20.0,67,1.0,东风,中雨转小雨
2014-03-19 10:00:00,144,110,152,1.2,62,41,71,156,22.0,58,1.0,西北风,中雨转小雨
2014-03-19 11:00:00,121,91,123,1.1,48,69,51,135,23.0,55,1.0,东南风,雷阵雨转小雨
2014-03-19 12:00:00,123,93,112,1.0,44,92,43,145,25.0,53,1.0,东南风,雷阵雨转小雨
2014-03-19 13:00:00,129,98,116,1.0,44,110,41,147,25.0,53,1.0,南风,雷阵雨转小雨
2014-03-19 14:00:00,130,99,121,1.1,50,110,46,157,24.0,57,2.0,西北风,雷阵雨转小雨
2014-03-19 16:00:00,81,33,111,0.9,30,69,11,90,18.0,90,3.0,西风,雷阵雨转小雨
2014-03-19 17:00:00,69,50,0,1.0,43,53,14,65,16.0,89,2.0,东风,雷阵雨转小雨
2014-03-19 18:00:00,135,103,0,1.2,69,11,15,170,15.0,93,2.0,东北风,小到中雨转小雨
2014-03-19 19:00:00,117,88,97,1.2,72,4,17,152,15.0,93,2.0,东风,小到中雨转小雨
2014-03-19 20:00:00,91,68,72,1.2,64,8,19,107,15.0,93,2.0,东风,小到中雨转小雨
2014-03-19 21:00:00,79,58,54,1.0,43,26,17,79,14.0,88,3.0,东北风,小到中雨转小雨
2014-03-19 22:00:00,85,63,0,1.0,41,22,16,104,13.0,87,3.0,东风,小到中雨转小雨
2014-03-19 23:00:00,103,77,0,1.0,56,8,16,136,13.0,88,3.0,东风,小到中雨转小雨
2014-03-20 00:00:00,96,72,73,1.0,68,2,17,125,13.0,86,2.0,东风,小到中雨转小雨
2014-03-20 01:00:00,95,71,68,1.0,57,6,16,117,12.0,87,2.0,东风,小到中雨转小雨
2014-03-20 02:00:00,89,66,63,1.0,47,9,14,109,11.0,88,2.0,东风,小到中雨转小雨
2014-03-20 03:00:00,74,54,57,1.0,42,10,13,74,11.0,92,3.0,东风,小到中雨转小雨
2014-03-20 04:00:00,64,46,0,1.1,43,9,13,55,10.0,93,2.0,东风,小到中雨转小雨
2014-03-20 05:00:00,53,37,37,1.1,35,15,16,37,10.0,92,3.0,东风,小到中雨转小雨
2014-03-20 06:00:00,40,28,32,1.0,27,21,16,18,10.0,90,2.0,东风,小到中雨转小雨
2014-03-20 07:00:00,31,22,24,0.8,20,38,18,2,10.0,73,3.0,东风,小雨转多云
2014-03-20 08:00:00,33,23,32,0.6,22,60,21,3,10.0,54,2.0,东风,小雨转多云
2014-03-20 09:00:00,43,24,42,0.5,24,63,18,11,11.0,59,2.0,东风,小雨转多云
2014-03-20 10:00:00,54,25,56,0.5,25,62,19,27,11.0,57,2.0,东风,小雨转多云
2014-03-20 11:00:00,53,28,54,0.5,22,67,21,29,12.0,55,1.0,东北风,小雨转多云
2014-03-20 12:00:00,53,34,55,0.5,22,69,22,39,12.0,55,1.0,东南风,小雨转多云
2014-03-20 13:00:00,58,41,60,0.5,25,67,23,57,12.0,53,1.0,东风,小雨转多云
2014-03-20 14:00:00,57,36,63,0.5,34,58,28,60,12.0,50,1.0,北风,小雨转多云
2014-03-20 15:00:00,60,40,68,0.6,23,57,26,72,12.0,47,1.0,西风,小雨转多云
2014-03-20 16:00:00,72,52,65,0.7,22,67,99,111,12.0,43,2.0,西北风,小雨转多云
2014-03-20 17:00:00,84,62,81,0.7,27,68,24,147,11.0,49,1.0,北风,小雨转多云
2014-03-20 18:00:00,69,50,81,0.7,24,78,16,115,8.0,57,2.0,东风,多云转晴
2014-03-20 19:00:00,61,43,53,0.6,19,90,14,89,8.0,54,1.0,东南风,多云转晴
2014-03-20 20:00:00,72,52,57,0.6,20,82,11,119,8.0,64,1.0,西风,多云转晴
2014-03-20 21:00:00,84,62,0,0.7,25,70,17,140,8.0,74,2.0,西风,多云转晴
2014-03-20 22:00:00,89,66,0,0.7,18,64,17,143,8.0,71,2.0,西风,多云转晴
2014-03-20 23:00:00,84,62,0,0.7,17,64,19,131,8.0,75,2.0,西风,多云转晴
2014-03-21 00:00:00,88,65,0,0.7,18,59,20,141,8.0,79,1.0,西风,多云转晴
2014-03-21 01:00:00,89,66,0,0.7,23,49,23,143,7.0,81,2.0,西风,多云转晴
2014-03-21 02:00:00,89,66,0,0.7,30,39,27,145,7.0,83,1.0,西风,多云转晴
2014-03-21 03:00:00,98,73,0,0.7,35,32,36,159,7.0,86,1.0,西风,多云转晴
2014-03-21 04:00:00,91,68,0,0.7,33,27,32,155,7.0,86,1.0,西北风,多云转晴
2014-03-21 05:00:00,90,67,54,0.7,22,29,23,156,6.0,89,1.0,北风,多云转晴
2014-03-21 06:00:00,94,70,64,0.8,27,25,22,155,6.0,90,1.0,北风,多云转晴
2014-03-21 07:00:00,95,71,70,0.8,25,24,23,147,6.0,89,1.0,东风,多云转晴
2014-03-21 08:00:00,99,74,72,0.9,32,19,32,143,7.0,82,1.0,东南风,多云转晴
2014-03-21 09:00:00,113,85,83,0.9,33,28,45,153,9.0,73,1.0,东南风,多云转晴
2014-03-21 10:00:00,99,74,100,0.8,30,53,49,136,10.0,53,2.0,东南风,多云转晴
2014-03-21 11:00:00,105,78,98,0.8,30,66,45,150,11.0,49,2.0,东风,多云转晴
2014-03-21 12:00:00,106,79,103,0.8,28,83,44,158,13.0,46,1.0,西南风,多云转晴
2014-03-21 13:00:00,95,71,96,0.8,24,100,35,155,13.0,40,2.0,东风,多云转晴
2014-03-21 14:00:00,66,47,80,0.7,23,105,27,102,15.0,30,2.0,东北风,多云转晴
2014-03-21 15:00:00,53,27,55,0.6,22,98,20,39,15.0,24,3.0,东风,多云转晴
2014-03-21 16:00:00,54,29,57,0.6,25,99,24,39,16.0,24,3.0,东风,多云转晴
2014-03-21 17:00:00,54,31,57,0.6,28,98,25,34,15.0,28,2.0,东风,多云转晴
2014-03-21 18:00:00,60,37,68,0.7,41,85,33,53,14.0,32,2.0,东风,晴转多云
2014-03-21 19:00:00,66,44,81,0.7,50,69,35,63,12.0,37,1.0,东北风,晴转多云
2014-03-21 20:00:00,72,48,92,0.8,67,43,34,73,11.0,40,1.0,东风,晴转多云
2014-03-21 21:00:00,68,44,85,0.7,53,49,32,44,10.0,51,1.0,东北风,晴转多云
2014-03-21 22:00:00,67,48,78,0.7,69,33,35,39,9.0,46,2.0,东风,晴转多云
2014-03-21 23:00:00,72,52,78,0.8,77,20,38,52,9.0,44,2.0,东风,晴转多云
2014-03-22 00:00:00,74,54,78,0.8,62,27,41,64,9.0,48,2.0,东风,晴转多云
2014-03-22 01:00:00,77,56,85,0.8,66,17,34,73,9.0,50,2.0,东风,晴转多云
2014-03-22 02:00:00,76,55,93,0.8,59,19,27,71,8.0,60,2.0,东风,晴转多云
2014-03-22 03:00:00,82,60,75,0.8,50,26,24,96,7.0,65,1.0,东南风,晴转多云
2014-03-22 04:00:00,94,70,86,0.8,51,25,31,125,6.0,66,1.0,东南风,晴转多云
2014-03-22 05:00:00,103,77,92,0.9,47,24,32,141,6.0,65,2.0,东风,晴转多云
2014-03-22 06:00:00,93,69,90,0.9,52,21,38,121,6.0,70,2.0,东风,晴转多云
2014-03-22 07:00:00,87,64,83,0.9,50,19,35,101,6.0,69,2.0,东风,晴转多云
2014-03-22 08:00:00,102,76,79,1.0,53,20,59,118,9.0,58,2.0,东北风,晴转多云
2014-03-22 09:00:00,96,72,90,1.0,44,43,66,102,12.0,45,2.0,东风,晴转多云
2014-03-22 10:00:00,69,50,85,0.8,29,74,38,44,13.0,43,2.0,东风,晴转多云
2014-03-22 11:00:00,58,41,63,0.8,22,94,23,24,14.0,39,2.0,东风,晴转多云
2014-03-22 12:00:00,54,33,57,0.7,17,117,16,23,17.0,29,1.0,东北风,晴转多云
2014-03-22 13:00:00,50,33,49,0.7,15,135,15,19,18.0,26,2.0,东风,晴转多云
2014-03-22 14:00:00,52,34,53,0.7,17,140,14,21,19.0,23,2.0,东风,晴转多云
2014-03-22 15:00:00,48,28,46,0.6,14,137,12,15,20.0,18,2.0,东北风,晴转多云
2014-03-22 16:00:00,58,26,38,0.6,14,134,13,40,20.0,19,2.0,东风,晴转多云
2014-03-22 17:00:00,68,26,42,0.6,16,126,13,80,19.0,19,2.0,东北风,晴转多云
2014-03-22 18:00:00,73,39,51,0.7,26,123,23,87,17.0,28,1.0,东北风,晴
2014-03-22 19:00:00,76,55,83,0.8,52,91,28,77,16.0,31,1.0,东北风,晴
2014-03-22 20:00:00,85,63,94,0.9,75,57,29,87,14.0,36,1.0,东南风,晴
2014-03-22 21:00:00,102,76,102,1.0,90,38,24,114,14.0,46,1.0,东南风,晴
2014-03-22 22:00:00,87,64,98,0.9,59,52,28,77,14.0,41,1.0,东风,晴
2014-03-22 23:00:00,90,67,82,0.9,73,37,37,82,14.0,40,2.0,东风,晴
2014-03-23 00:00:00,93,69,85,0.9,59,40,39,83,13.0,41,2.0,东风,晴
2014-03-23 01:00:00,95,71,82,0.9,60,39,40,98,12.0,46,2.0,东风,晴
2014-03-23 02:00:00,77,56,80,0.8,41,56,33,65,12.0,47,2.0,东风,晴
2014-03-23 03:00:00,67,48,62,0.7,29,64,24,44,12.0,50,1.0,东风,晴
2014-03-23 04:00:00,78,57,72,0.8,37,52,31,65,11.0,52,2.0,东北风,晴
2014-03-23 05:00:00,90,67,82,0.8,50,38,37,89,11.0,53,2.0,东风,晴
2014-03-23 06:00:00,90,67,82,0.8,48,39,45,89,11.0,55,2.0,东风,晴
2014-03-23 07:00:00,102,76,88,0.9,53,33,48,102,11.0,56,1.0,东风,晴转多云
2014-03-23 08:00:00,99,74,91,1.0,56,37,54,93,11.0,57,1.0,东风,晴转多云
2014-03-23 09:00:00,84,62,94,0.9,43,55,39,55,13.0,51,2.0,东风,晴转多云
2014-03-23 10:00:00,72,52,86,0.8,33,73,30,34,14.0,46,2.0,东风,晴转多云
2014-03-23 11:00:00,66,47,80,0.8,28,86,26,30,16.0,39,2.0,东风,多云
2014-03-23 12:00:00,62,43,72,0.7,24,95,22,29,18.0,34,2.0,东风,多云
2014-03-23 13:00:00,57,39,63,0.7,18,110,18,25,19.0,31,1.0,东北风,多云
2014-03-23 14:00:00,54,32,57,0.7,20,114,15,21,20.0,28,2.0,东南风,多云
2014-03-23 15:00:00,55,29,59,0.7,20,122,13,23,22.0,22,2.0,东北风,多云
2014-03-23 16:00:00,57,26,63,0.8,26,103,14,25,22.0,17,2.0,东南风,多云
2014-03-23 17:00:00,55,22,59,0.8,29,89,11,22,22.0,20,1.0,东风,多云
2014-03-23 18:00:00,66,33,81,0.9,60,53,22,45,20.0,25,2.0,东风,多云
2014-03-23 19:00:00,83,61,113,1.1,67,60,28,82,19.0,29,1.0,东风,多云
2014-03-23 20:00:00,99,74,110,1.1,85,36,29,100,17.0,37,1.0,东风,多云
2014-03-23 21:00:00,82,59,113,1.2,95,10,24,68,16.0,45,1.0,东风,多云
2014-03-23 22:00:00,65,39,79,0.9,66,27,16,45,16.0,50,2.0,东风,多云
2014-03-23 23:00:00,54,37,56,0.8,36,53,15,21,15.0,55,2.0,东风,多云
2014-03-24 00:00:00,55,38,54,0.7,22,68,13,27,15.0,59,2.0,东风,多云
2014-03-24 01:00:00,55,38,51,0.7,19,67,13,28,14.0,63,2.0,东北风,多云
2014-03-24 02:00:00,55,38,49,0.7,16,65,12,34,14.0,65,2.0,东风,多云
2014-03-24 03:00:00,53,37,49,0.7,15,63,11,31,14.0,67,2.0,东风,多云
2014-03-24 04:00:00,50,35,42,0.7,14,62,11,23,14.0,66,2.0,东风,多云
2014-03-24 05:00:00,52,36,37,0.7,16,56,13,27,13.0,69,2.0,东北风,多云
2014-03-24 06:00:00,60,42,48,0.8,27,45,19,43,13.0,69,2.0,东风,多云
2014-03-24 07:00:00,88,65,0,1.0,50,18,34,94,14.0,69,1.0,东北风,阵雨
2014-03-24 08:00:00,90,67,80,1.1,58,13,39,89,14.0,73,1.0,东风,阵雨
2014-03-24 09:00:00,106,79,115,1.2,65,7,42,102,14.0,79,1.0,东风,阵雨
2014-03-24 10:00:00,91,68,97,1.1,59,15,46,82,14.0,74,2.0,东风,阵雨
2014-03-24 11:00:00,72,52,77,1.0,39,34,29,52,15.0,73,1.0,东南风,阵雨
2014-03-24 12:00:00,73,53,66,1.0,36,41,27,57,16.0,68,1.0,南风,阵雨
2014-03-24 13:00:00,64,46,70,0.9,30,56,23,47,17.0,60,2.0,西南风,阵雨
2014-03-24 14:00:00,84,62,75,1.0,47,56,43,77,17.0,58,1.0,西南风,阵雨
2014-03-24 15:00:00,91,68,99,1.0,48,56,49,92,18.0,56,1.0,东南风,阵雨
2014-03-24 16:00:00,100,75,101,1.1,56,56,50,109,18.0,58,1.0,东南风,阵雨
2014-03-24 17:00:00,108,81,117,1.1,62,50,66,128,19.0,53,1.0,西风,阵雨
2014-03-24 18:00:00,112,84,124,1.2,73,39,67,125,18.0,56,1.0,西风,阴转阵雨
2014-03-24 19:00:00,129,98,140,1.4,90,16,51,148,17.0,64,1.0,东南风,阴转阵雨
2014-03-25 03:00:00,103,77,104,1.1,57,5,41,88,13.0,85,1.0,东风,阴转阵雨
2014-03-25 04:00:00,107,80,104,1.2,55,2,43,97,13.0,85,1.0,东风,阴转阵雨
2014-03-25 05:00:00,129,98,111,1.3,54,1,56,130,14.0,85,1.0,东风,阴转阵雨
2014-03-25 06:00:00,143,109,130,1.5,53,1,84,138,14.0,85,1.0,东风,阴转阵雨
2014-03-25 07:00:00,143,109,127,1.7,53,2,91,136,14.0,84,1.0,西南风,小雨
2014-03-25 08:00:00,145,111,127,2.1,57,3,96,135,15.0,80,1.0,西风,小雨
2014-03-25 09:00:00,123,93,165,1.8,51,4,62,104,16.0,77,2.0,西风,小雨
2014-03-25 10:00:00,135,103,184,1.5,57,6,75,105,16.0,74,1.0,西风,小雨
2014-03-25 11:00:00,141,108,164,1.4,61,16,97,113,18.0,69,1.0,东南风,小雨
2014-03-25 12:00:00,126,95,139,1.3,57,38,91,106,21.0,56,1.0,西南风,小雨
2014-03-25 14:00:00,69,50,81,1.0,36,83,108,54,24.0,47,1.0,西北风,小雨
2014-03-25 16:00:00,62,44,72,0.8,30,94,52,46,25.0,46,2.0,西风,小雨
2014-03-25 17:00:00,87,64,88,1.0,32,121,54,96,25.0,47,2.0,西南风,小雨
2014-03-25 18:00:00,108,81,109,1.4,47,110,58,120,25.0,48,1.0,西风,多云
2014-03-25 19:00:00,137,104,149,1.7,90,53,55,143,22.0,57,1.0,东风,多云
2014-03-25 20:00:00,152,116,183,2.1,113,26,58,148,21.0,64,1.0,东南风,多云
2014-03-25 21:00:00,141,108,201,2.4,98,22,50,135,20.0,69,1.0,北风,多云
2014-03-25 22:00:00,146,112,167,1.8,88,16,38,131,20.0,70,1.0,东南风,多云
2014-03-25 23:00:00,118,89,157,1.6,72,26,31,106,20.0,71,1.0,南风,多云
2014-03-26 00:00:00,94,70,115,1.4,72,34,27,75,20.0,72,1.0,东北风,多云
2014-03-26 01:00:00,88,65,93,1.1,51,40,21,65,20.0,72,2.0,西南风,多云
2014-03-26 02:00:00,94,70,93,1.1,39,40,20,78,19.0,80,1.0,西南风,多云
2014-03-26 03:00:00,103,77,99,1.1,42,30,18,95,18.0,81,1.0,西南风,多云
2014-03-26 04:00:00,96,72,95,1.1,34,30,20,84,18.0,83,1.0,西南风,多云
2014-03-26 05:00:00,90,67,86,1.2,29,29,26,78,17.0,85,1.0,南风,多云
2014-03-26 06:00:00,89,66,82,1.3,36,15,33,75,17.0,87,1.0,西南风,多云
2014-03-26 07:00:00,98,73,80,1.4,44,15,37,90,17.0,86,1.0,北风,多云
2014-03-26 08:00:00,110,82,98,1.4,52,13,37,98,19.0,81,1.0,南风,多云
2014-03-26 09:00:00,99,74,113,1.3,45,35,36,74,20.0,78,1.0,南风,多云
2014-03-26 10:00:00,114,86,110,1.4,52,40,55,95,22.0,67,1.0,西南风,多云
2014-03-26 12:00:00,143,109,150,1.1,27,117,57,122,24.0,59,2.0,西风,多云转阴
2014-03-26 13:00:00,107,80,97,0.9,13,133,35,99,26.0,48,2.0,西北风,多云转阴
2014-03-26 15:00:00,77,56,68,0.8,12,129,95,59,27.0,41,3.0,西风,多云转阴
2014-03-26 16:00:00,82,60,70,0.7,13,143,28,69,27.0,42,1.0,西南风,多云转阴
2014-03-26 17:00:00,88,65,79,0.7,19,142,30,82,26.0,42,2.0,西风,多云转阴
2014-03-26 18:00:00,105,78,90,0.9,34,124,35,107,25.0,46,1.0,西风,多云转阵雨
2014-03-26 19:00:00,126,95,114,1.2,56,93,46,130,23.0,58,2.0,东北风,多云转阵雨
2014-03-26 20:00:00,138,105,137,1.1,72,63,41,128,22.0,57,2.0,东风,多云转阵雨
2014-03-26 21:00:00,172,130,148,1.0,45,105,42,140,21.0,62,3.0,东风,多云转阵雨
2014-03-26 22:00:00,196,147,153,1.0,31,103,38,152,20.0,64,3.0,东风,多云转阵雨
2014-03-26 23:00:00,185,139,154,1.0,28,98,42,146,19.0,65,2.0,东风,多云转阵雨
2014-03-27 00:00:00,185,139,144,1.0,31,87,49,143,19.0,68,2.0,东风,多云转阵雨
2014-03-27 01:00:00,196,147,145,1.0,32,75,50,151,18.0,71,3.0,东风,多云转阵雨
2014-03-27 02:00:00,204,153,0,1.0,29,76,54,156,18.0,70,2.0,东风,多云转阵雨
2014-03-27 03:00:00,203,152,0,1.0,26,79,51,155,18.0,70,2.0,东风,多云转阵雨
2014-03-27 04:00:00,210,159,0,1.0,31,68,57,159,17.0,70,2.0,东风,多云转阵雨
2014-03-27 05:00:00,215,164,0,1.1,34,58,56,163,17.0,71,2.0,东风,多云转阵雨
2014-03-27 06:00:00,214,163,0,1.1,37,53,62,162,17.0,72,2.0,东风,多云转阵雨
2014-03-27 07:00:00,216,165,181,1.2,45,44,71,159,17.0,71,2.0,东风,多云转阵雨
2014-03-27 08:00:00,213,162,183,1.3,53,42,74,159,18.0,67,2.0,东风,多云转阵雨
2014-03-27 09:00:00,206,155,192,1.3,54,56,69,156,19.0,64,3.0,东风,多云转阵雨
2014-03-27 10:00:00,182,137,186,1.2,42,84,58,148,20.0,64,2.0,东北风,多云转阵雨
2014-03-27 12:00:00,133,101,114,1.0,24,139,40,117,24.0,56,2.0,东风,多云转阵雨
2014-03-27 13:00:00,112,84,105,0.8,20,162,34,105,25.0,53,2.0,东风,多云转阵雨
2014-03-27 14:00:00,95,71,92,0.8,20,172,27,103,26.0,50,2.0,东风,多云转阵雨
2014-03-27 16:00:00,76,52,79,0.8,19,148,74,79,27.0,50,2.0,东南风,多云转阵雨
2014-03-27 17:00:00,85,41,74,0.6,21,141,13,97,26.0,51,2.0,东南风,多云转阵雨
2014-03-27 18:00:00,88,35,78,0.6,25,113,12,106,25.0,55,2.0,东风,多云转阵雨
2014-03-27 19:00:00,86,37,69,0.7,30,99,12,96,24.0,58,2.0,东风,多云转阵雨
2014-03-27 20:00:00,81,41,68,0.6,22,90,12,85,23.0,59,2.0,东南风,多云转阵雨
2014-03-27 21:00:00,73,50,71,0.6,16,90,9,71,21.0,64,3.0,东风,多云转阵雨
2014-03-27 22:00:00,78,57,68,0.6,17,87,8,85,21.0,66,2.0,东风,多云转阵雨
2014-03-27 23:00:00,83,61,74,0.6,13,89,7,98,20.0,67,2.0,东风,多云转阵雨
2014-03-28 00:00:00,87,64,71,0.7,13,85,8,109,20.0,75,2.0,东风,多云转阵雨
2014-03-28 01:00:00,84,62,75,0.7,12,84,9,99,19.0,76,2.0,东风,多云转阵雨
2014-03-28 02:00:00,74,54,65,0.6,12,85,8,86,19.0,74,1.0,东北风,多云转阵雨
2014-03-28 03:00:00,73,53,57,0.6,11,81,8,84,18.0,84,1.0,东风,多云转阵雨
2014-03-28 04:00:00,74,54,66,0.7,10,73,7,82,17.0,92,2.0,东风,多云转阵雨
2014-03-28 05:00:00,58,41,56,0.6,9,73,5,47,17.0,94,2.0,东风,多云转阵雨
2014-03-28 06:00:00,41,29,35,0.5,12,71,8,17,17.0,90,2.0,东北风,多云转阵雨
2014-03-28 07:00:00,40,28,31,0.6,21,65,11,13,18.0,88,1.0,东风,多云转阵雨
2014-03-28 08:00:00,40,28,34,0.6,27,59,9,12,17.0,95,1.0,东风,阵雨转中雨
2014-03-28 09:00:00,39,25,38,0.7,35,50,10,11,17.0,95,2.0,东北风,阵雨转中雨
2014-03-28 10:00:00,37,26,35,0.6,31,54,14,10,18.0,92,2.0,东风,阵雨转中雨
2014-03-28 11:00:00,40,28,38,0.5,22,67,18,13,19.0,87,2.0,东风,阵雨转中雨
2014-03-28 12:00:00,49,34,36,0.5,20,79,15,26,19.0,86,2.0,东南风,阵雨转中雨
2014-03-28 13:00:00,61,43,54,0.7,24,70,12,57,19.0,91,2.0,东南风,阵雨转中雨
2014-03-28 14:00:00,47,33,44,0.6,23,68,12,29,20.0,87,1.0,东风,阵雨转中雨
2014-03-28 16:00:00,41,26,40,0.6,31,49,12,21,19.0,93,2.0,北风,阵雨转中雨
2014-03-28 17:00:00,68,49,59,0.8,60,19,21,83,19.0,94,1.0,西风,阵雨转中雨
2014-03-28 18:00:00,84,62,72,1.1,72,7,40,114,19.0,94,1.0,西风,中雨
2014-03-28 19:00:00,95,71,82,1.1,73,2,34,120,19.0,94,2.0,南风,中雨
2014-03-28 20:00:00,90,67,81,1.0,63,5,36,112,19.0,95,1.0,东南风,中雨
2014-03-28 21:00:00,78,57,59,0.8,43,16,25,94,19.0,94,1.0,西风,中雨
2014-03-28 22:00:00,62,44,43,0.7,39,16,20,53,19.0,94,1.0,西风,中雨
2014-03-28 23:00:00,56,39,46,0.8,46,8,18,44,19.0,93,1.0,西南风,中雨
2014-03-29 00:00:00,63,45,50,0.7,46,6,18,61,18.0,96,1.0,东风,中雨
2014-03-29 01:00:00,73,53,60,0.7,47,6,18,77,18.0,97,1.0,西南风,中雨
2014-03-29 02:00:00,69,50,57,0.7,37,11,17,71,18.0,97,1.0,东风,中雨
2014-03-29 03:00:00,69,50,56,0.7,35,10,15,68,18.0,97,1.0,北风,中雨
2014-03-29 04:00:00,67,48,52,0.7,35,9,12,66,18.0,96,2.0,东北风,中雨
2014-03-29 05:00:00,62,44,0,0.6,32,15,15,61,18.0,96,2.0,西风,中雨
2014-03-29 06:00:00,77,56,57,0.7,39,3,17,87,18.0,97,1.0,东南风,中雨
2014-03-29 07:00:00,72,52,0,0.8,33,9,14,73,18.0,97,1.0,东风,雷阵雨转阴
2014-03-29 08:00:00,40,28,30,0.6,23,26,14,18,18.0,93,2.0,东南风,雷阵雨转阴
2014-03-29 09:00:00,43,30,38,0.7,24,29,15,20,19.0,91,1.0,东风,雷阵雨转阴
2014-03-29 10:00:00,44,31,40,0.7,26,35,20,23,20.0,84,1.0,东风,雷阵雨转阴
2014-03-29 11:00:00,43,30,36,0.6,28,45,22,22,19.0,91,2.0,西风,雷阵雨转阴
2014-03-29 12:00:00,54,37,57,0.8,33,46,26,49,21.0,83,2.0,西北风,雷阵雨转阴
2014-03-29 13:00:00,46,32,33,0.6,24,62,32,36,22.0,77,3.0,西风,雷阵雨转阴
2014-03-29 14:00:00,44,26,43,0.6,17,77,27,39,22.0,71,3.0,西风,雷阵雨转阴
2014-03-29 15:00:00,38,19,37,0.5,14,84,22,24,22.0,72,3.0,西风,雷阵雨转阴
2014-03-29 16:00:00,43,21,42,0.5,21,69,21,29,21.0,87,2.0,西风,雷阵雨转阴
2014-03-29 17:00:00,31,14,28,0.5,19,78,17,7,18.0,89,2.0,西南风,雷阵雨转阴
2014-03-29 18:00:00,34,12,23,0.6,30,79,21,8,18.0,89,1.0,西北风,阴转多云
2014-03-29 19:00:00,35,20,25,0.7,38,65,24,7,19.0,84,1.0,东风,阴转多云
2014-03-29 20:00:00,47,28,46,0.8,56,35,42,20,19.0,84,1.0,西风,阴转多云
2014-03-29 21:00:00,51,31,51,0.8,52,32,41,22,18.0,87,1.0,西北风,阴转多云
2014-03-29 22:00:00,58,41,54,0.8,55,17,45,33,18.0,88,2.0,西风,阴转多云
2014-03-29 23:00:00,64,46,64,0.8,48,14,41,35,17.0,94,1.0,北风,阴转多云
2014-03-30 00:00:00,63,45,61,0.8,55,8,44,32,17.0,93,2.0,西风,阴转多云
2014-03-30 01:00:00,68,49,71,0.7,52,6,54,45,18.0,87,2.0,西北风,阴转多云
2014-03-30 02:00:00,64,46,69,0.6,49,6,58,41,18.0,87,1.0,西风,阴转多云
2014-03-30 03:00:00,60,42,59,0.6,38,9,34,34,17.0,91,1.0,西风,阴转多云
2014-03-30 04:00:00,57,40,48,0.6,34,8,28,31,16.0,94,1.0,东风,阴转多云
2014-03-30 05:00:00,55,38,55,0.7,29,7,22,28,15.0,96,1.0,东南风,阴转多云
2014-03-30 06:00:00,68,49,59,0.7,29,5,21,52,15.0,97,1.0,东北风,阴转多云
2014-03-30 07:00:00,110,82,76,0.8,34,4,26,112,15.0,97,2.0,东北风,多云转阵雨
2014-03-30 08:00:00,108,81,92,0.9,36,4,28,105,15.0,98,2.0,东南风,多云转阵雨
2014-03-30 09:00:00,100,75,89,0.8,28,19,29,96,16.0,95,2.0,东风,多云转阵雨
2014-03-30 10:00:00,110,82,82,0.8,26,36,30,112,19.0,84,2.0,东风,多云转阵雨
2014-03-30 11:00:00,107,80,86,0.7,19,73,31,119,20.0,75,2.0,东风,多云转阵雨
2014-03-30 12:00:00,89,66,76,0.6,14,110,29,93,23.0,48,3.0,东北风,多云转阵雨
2014-03-30 14:00:00,88,58,125,0.4,14,146,20,108,24.0,36,2.0,东北风,多云转阵雨
2014-03-30 15:00:00,84,60,117,0.4,16,149,20,111,24.0,43,2.0,东北风,多云转阵雨
2014-03-30 16:00:00,103,77,134,0.5,20,154,22,143,24.0,43,2.0,东风,多云转阵雨
2014-03-30 17:00:00,106,79,141,0.6,26,143,24,146,23.0,44,2.0,东风,多云转阵雨
2014-03-30 18:00:00,124,94,154,0.7,38,127,33,165,21.0,51,3.0,东风,阵雨转中雨
2014-03-30 19:00:00,169,128,157,0.7,40,125,37,177,20.0,54,2.0,东风,阵雨转中雨
2014-03-30 20:00:00,180,136,180,0.7,41,125,41,181,19.0,54,2.0,东风,阵雨转中雨
2014-03-30 21:00:00,215,164,184,0.7,39,116,39,183,19.0,57,2.0,东风,阵雨转中雨
2014-03-30 22:00:00,233,182,201,0.7,32,112,32,188,19.0,54,3.0,东风,阵雨转中雨
2014-03-30 23:00:00,219,168,183,0.7,31,104,30,182,19.0,56,3.0,东风,阵雨转中雨
2014-03-30 00:00:00,63,45,61,0.8,55,8,44,32,18.0,87,2.0,西风,阴转多云
2014-03-30 01:00:00,68,49,71,0.7,52,6,54,45,18.0,88,2.0,西北风,阴转多云
2014-03-30 02:00:00,64,46,69,0.6,49,6,58,41,18.0,87,1.0,西风,阴转多云
2014-03-30 03:00:00,60,42,59,0.6,38,9,34,34,17.0,91,1.0,西风,阴转多云
2014-03-30 04:00:00,57,40,48,0.6,34,8,28,31,16.0,94,1.0,东风,阴转多云
2014-03-30 05:00:00,55,38,55,0.7,29,7,22,28,15.0,96,1.0,东南风,阴转多云
2014-03-30 06:00:00,68,49,59,0.7,29,5,21,52,15.0,97,1.0,东风,阴转多云
2014-03-30 07:00:00,110,82,76,0.8,34,4,26,112,15.0,97,2.0,东北风,多云转阵雨
2014-03-30 08:00:00,108,81,92,0.9,36,4,28,105,15.0,98,2.0,东南风,多云转阵雨
2014-03-30 09:00:00,100,75,89,0.8,28,19,29,96,16.0,95,2.0,东风,多云转阵雨
2014-03-30 10:00:00,110,82,82,0.8,26,36,30,112,19.0,84,2.0,东风,多云转阵雨
2014-03-30 11:00:00,107,80,86,0.7,19,73,31,119,20.0,75,2.0,东风,多云转阵雨
2014-03-30 12:00:00,89,66,76,0.6,14,110,29,93,23.0,48,3.0,东北风,多云转阵雨
2014-03-30 14:00:00,88,58,125,0.4,14,146,20,108,24.0,36,2.0,东北风,多云转阵雨
2014-03-30 15:00:00,84,60,117,0.4,16,149,20,111,24.0,43,2.0,东北风,多云转阵雨
2014-03-30 16:00:00,103,77,134,0.5,20,154,22,143,24.0,43,2.0,东风,多云转阵雨
2014-03-30 17:00:00,106,79,141,0.6,26,143,24,146,23.0,42,2.0,东北风,多云转阵雨
2014-03-30 18:00:00,124,94,154,0.7,38,127,33,165,21.0,51,3.0,东风,阵雨转中雨
2014-03-30 19:00:00,169,128,157,0.7,40,125,37,177,20.0,54,2.0,东风,阵雨转中雨
2014-03-30 20:00:00,180,136,180,0.7,41,125,41,181,19.0,54,2.0,东风,阵雨转中雨
2014-03-30 21:00:00,215,164,184,0.7,39,116,39,183,19.0,57,2.0,东风,阵雨转中雨
2014-03-30 22:00:00,233,182,201,0.7,32,112,32,188,19.0,55,3.0,东风,阵雨转中雨
2014-03-30 23:00:00,219,168,183,0.7,31,104,30,182,19.0,56,3.0,东风,阵雨转中雨
2014-03-31 00:00:00,220,169,179,0.7,29,101,25,185,16.0,84,2.0,东风,阵雨转中雨
2014-03-31 01:00:00,215,164,165,0.8,27,92,21,182,15.0,92,2.0,东北风,阵雨转中雨
2014-03-31 02:00:00,189,142,145,0.8,25,90,17,174,14.0,95,2.0,东北风,阵雨转中雨
2014-03-31 03:00:00,158,120,124,0.8,22,91,12,161,14.0,96,2.0,东风,阵雨转中雨
2014-03-31 04:00:00,141,108,125,0.8,23,86,11,149,13.0,96,2.0,东风,阵雨转中雨
2014-03-31 05:00:00,116,87,93,0.8,22,85,12,129,13.0,96,3.0,东风,阵雨转中雨
2014-03-31 06:00:00,106,79,77,0.7,19,90,11,117,12.0,95,3.0,东北风,阵雨转中雨
2014-03-31 07:00:00,63,45,49,0.6,19,87,13,53,12.0,96,3.0,东北风,小雨
2014-03-31 08:00:00,50,35,0,0.7,29,75,14,36,12.0,96,2.0,东风,小雨
2014-03-31 09:00:00,43,30,0,0.7,33,69,17,24,12.0,94,3.0,东风,小雨
2014-03-31 10:00:00,42,28,37,0.6,30,75,19,21,12.0,92,2.0,东风,小雨
2014-03-31 11:00:00,41,29,37,0.6,31,74,21,17,13.0,90,3.0,东风,小雨
2014-03-31 12:00:00,44,31,38,0.6,35,74,23,22,13.0,87,3.0,东北风,小雨
2014-03-31 13:00:00,46,32,41,0.5,37,74,25,32,14.0,84,2.0,东风,小雨
2014-03-31 14:00:00,52,36,47,0.6,44,69,26,50,14.0,80,2.0,东北风,小雨
2014-03-31 15:00:00,43,29,42,0.5,38,74,24,22,15.0,76,2.0,东风,小雨
2014-03-31 16:00:00,51,24,51,0.5,33,77,25,40,15.0,76,1.0,东风,小雨
2014-03-31 17:00:00,54,30,57,0.5,39,69,27,49,15.0,77,2.0,东风,小雨
2014-03-31 18:00:00,50,31,49,0.5,29,70,12,22,12.0,92,2.0,东南风,阵雨转阴
2014-03-31 19:00:00,39,22,38,0.4,16,82,6,6,12.0,93,1.0,东南风,阵雨转阴
2014-03-31 20:00:00,37,17,23,0.3,16,81,6,5,12.0,94,1.0,东风,阵雨转阴
2014-03-31 22:00:00,39,25,29,0.4,14,82,12,8,11.0,94,2.0,东风,阵雨转阴
2014-03-31 23:00:00,41,29,30,0.3,18,75,13,13,11.0,94,2.0,东北风,阵雨转阴
